option: 0
[1, 2, 3, 4]
[5, 6, 7, 8, 9, 10]
[11, 12, 13, 14, 15]
[16, 17, 18, 19, 20, 21]
[22, 23, 24, 25, 26]
[27, 28, 29, 30, 31, 32]
[33, 34, 35, 36]
option: 1
[33, 34, 35, 36]
[27, 28, 29, 30, 31, 32]
[22, 23, 24, 25, 26]
[16, 17, 18, 19, 20, 21]
[11, 12, 13, 14, 15]
[5, 6, 7, 8, 9, 10]
[1, 2, 3, 4]
option: 2
[10, 21, 31]
[4, 15, 26, 36]
[9, 20, 31]
[3, 14, 25, 35]
[8, 19, 30]
[13, 24]
[7, 18, 29]
[2, 12, 23, 34]
[6, 17, 28]
[1, 11, 22, 33]
[27, 5, 16]
option: 3
[27, 5, 16]
[1, 11, 22, 33]
[6, 17, 28]
[2, 12, 23, 34]
[7, 18, 29]
[13, 24]
[8, 19, 30]
[3, 14, 25, 35]
[9, 20, 31]
[4, 15, 26, 36]
[10, 21, 31]
option: 4
